3
vertices 6
-1 0 -1 0 1 0 0 1
1 0 -1 0 1 0 1 1
1 0 1 0 1 0 1 0
1 0 1 0 1 0 1 0
-1 0 1 0 1 0 0 0
-1 0 -1 0 1 0 0 1
material
0.0508761 0.0508761 0.0508761 0
0.8 0.8 0.8 1
0.8 0.8 0.8 25
texture assets\rock_side\Rock058_1K-JPG_Color.jpg
vertices 6
-0.997689 2 -1 1 5.96046e-08 0 0.9999 0.000100136
-0.997689 0 -1 1 5.96046e-08 0 0.000100018 9.9957e-05
-0.997689 0 1 1 5.96046e-08 0 9.99747e-05 0.9999
-0.997689 0 1 1 5.96046e-08 0 9.99747e-05 0.9999
-0.997689 2 1 1 5.96046e-08 0 0.9999 0.9999
-0.997689 2 -1 1 5.96046e-08 0 0.9999 0.000100136
material
0.0508761 0.0508761 0.0508761 0
0.8 0.8 0.8 1
0.8 0.8 0.8 25
texture assets\rock_side\Rock058_1K-JPG_Color.jpg
vertices 6
1 0 -1 -1 2.98023e-08 0 0 1
1 2 -1 -1 2.98023e-08 0 1 1
1 2 1 -1 2.98023e-08 0 1 0
1 2 1 -1 2.98023e-08 0 1 0
1 0 1 -1 2.98023e-08 0 0 0
1 0 -1 -1 2.98023e-08 0 0 1
material
0.0508761 0.0508761 0.0508761 0
0.8 0.8 0.8 1
0.8 0.8 0.8 25
texture assets\rock_side\Rock058_1K-JPG_Color.jpg
