1
vertices 6
1.00231 2 -1 -5.96046e-08 1.78775e-07 1 0.9999 0.000100136
1.00231 -1.0427e-07 -1 -5.96046e-08 1.78775e-07 1 0.000100018 9.9957e-05
-0.997689 -1.0427e-07 -1 -5.96046e-08 1.78775e-07 1 9.99747e-05 0.9999
-0.997689 -1.0427e-07 -1 -5.96046e-08 1.78775e-07 1 9.99747e-05 0.9999
-0.997689 2 -1 -5.96046e-08 1.78775e-07 1 0.9999 0.9999
1.00231 2 -1 -5.96046e-08 1.78775e-07 1 0.9999 0.000100136
material
0.0508761 0.0508761 0.0508761 0
0.8 0.8 0.8 1
0.8 0.8 0.8 25
texture assets\rockObj\Rock058_1K-JPG_Color.jpg
