1
vertices 36
0.1 0.1 0.1 0 0 1 0.625 0.5
-0.1 0.1 0.1 0 0 1 0.875 0.5
-0.1 -0.1 0.1 0 0 1 0.875 0.25
-0.1 -0.1 0.1 0 0 1 0.875 0.25
0.1 -0.1 0.1 0 0 1 0.625 0.25
0.1 0.1 0.1 0 0 1 0.625 0.5
0.1 -0.1 -0.1 0 -1 0 0.375 0.25
0.1 -0.1 0.1 0 -1 0 0.625 0.25
-0.1 -0.1 0.1 0 -1 0 0.625 0
-0.1 -0.1 0.1 0 -1 0 0.625 0
-0.1 -0.1 -0.1 0 -1 0 0.375 0
0.1 -0.1 -0.1 0 -1 0 0.375 0.25
-0.1 -0.1 -0.1 -1 0 0 0.375 1
-0.1 -0.1 0.1 -1 0 0 0.625 1
-0.1 0.1 0.1 -1 0 0 0.625 0.75
-0.1 0.1 0.1 -1 0 0 0.625 0.75
-0.1 0.1 -0.1 -1 0 0 0.375 0.75
-0.1 -0.1 -0.1 -1 0 0 0.375 1
-0.1 0.1 -0.1 0 0 -1 0.125 0.5
0.1 0.1 -0.1 0 0 -1 0.375 0.5
0.1 -0.1 -0.1 0 0 -1 0.375 0.25
0.1 -0.1 -0.1 0 0 -1 0.375 0.25
-0.1 -0.1 -0.1 0 0 -1 0.125 0.25
-0.1 0.1 -0.1 0 0 -1 0.125 0.5
0.1 0.1 -0.1 1 0 0 0.375 0.5
0.1 0.1 0.1 1 0 0 0.625 0.5
0.1 -0.1 0.1 1 0 0 0.625 0.25
0.1 -0.1 0.1 1 0 0 0.625 0.25
0.1 -0.1 -0.1 1 0 0 0.375 0.25
0.1 0.1 -0.1 1 0 0 0.375 0.5
-0.1 0.1 -0.1 0 1 0 0.375 0.75
-0.1 0.1 0.1 0 1 0 0.625 0.75
0.1 0.1 0.1 0 1 0 0.625 0.5
0.1 0.1 0.1 0 1 0 0.625 0.5
0.1 0.1 -0.1 0 1 0 0.375 0.5
-0.1 0.1 -0.1 0 1 0 0.375 0.75
material
0.0508761 0.0508761 0.0508761 0
0.8 0.8 0.8 1
0.8 0.8 0.8 25
texture assets/white.png
