2
vertices 36
-0.379159 0.0125177 0.0826689 -0.709474 -0.484343 0.511916 0.375 0.75
-0.314668 0.0125177 -0.0139088 -0.438146 -0.651447 -0.61939 0.375 0.5
-0.379275 1.38765 -0.013909 -0.511064 0.522538 -0.682472 0.625 0.5
-0.379275 1.38765 -0.013909 -0.511064 0.522538 -0.682472 0.625 0.5
-0.379159 1.38765 0.0826687 -0.621913 0.641764 0.448736 0.625 0.75
-0.379159 0.0125177 0.0826689 -0.709474 -0.484343 0.511916 0.375 0.75
-0.314668 0.0125177 -0.0139088 -0.438146 -0.651447 -0.61939 0.375 0.5
0.320377 0.0125177 -0.034884 0.40452 -0.64628 -0.647059 0.375 0.25
0.407787 1.38765 -0.0144094 0.483815 0.516275 -0.706671 0.625 0.25
0.407787 1.38765 -0.0144094 0.483815 0.516275 -0.706671 0.625 0.25
-0.379275 1.38765 -0.013909 -0.511064 0.522538 -0.682472 0.625 0.5
-0.314668 0.0125177 -0.0139088 -0.438146 -0.651447 -0.61939 0.375 0.5
-0.379159 0.0125177 0.0826689 -0.709474 -0.484343 0.511916 0.125 0.5
0.407904 0.0125177 0.0821685 0.726263 -0.485158 0.486995 0.125 0.25
0.320377 0.0125177 -0.034884 0.40452 -0.64628 -0.647059 0.375 0.25
0.320377 0.0125177 -0.034884 0.40452 -0.64628 -0.647059 0.375 0.25
-0.314668 0.0125177 -0.0139088 -0.438146 -0.651447 -0.61939 0.375 0.5
-0.379159 0.0125177 0.0826689 -0.709474 -0.484343 0.511916 0.125 0.5
0.407904 0.0125177 0.0821685 0.726263 -0.485158 0.486995 0.375 1
-0.379159 0.0125177 0.0826689 -0.709474 -0.484343 0.511916 0.375 0.75
-0.379159 1.38765 0.0826687 -0.621913 0.641764 0.448736 0.625 0.75
-0.379159 1.38765 0.0826687 -0.621913 0.641764 0.448736 0.625 0.75
0.407904 1.38765 0.0821683 0.625596 0.657765 0.419493 0.625 1
0.407904 0.0125177 0.0821685 0.726263 -0.485158 0.486995 0.375 1
0.320377 0.0125177 -0.034884 0.40452 -0.64628 -0.647059 0.375 0.25
0.407904 0.0125177 0.0821685 0.726263 -0.485158 0.486995 0.375 0
0.407904 1.38765 0.0821683 0.625596 0.657765 0.419493 0.625 0
0.407904 1.38765 0.0821683 0.625596 0.657765 0.419493 0.625 0
0.407787 1.38765 -0.0144094 0.483815 0.516275 -0.706671 0.625 0.25
0.320377 0.0125177 -0.034884 0.40452 -0.64628 -0.647059 0.375 0.25
-0.379275 1.38765 -0.013909 -0.511064 0.522538 -0.682472 0.625 0.5
0.407787 1.38765 -0.0144094 0.483815 0.516275 -0.706671 0.625 0.25
0.407904 1.38765 0.0821683 0.625596 0.657765 0.419493 0.875 0.25
0.407904 1.38765 0.0821683 0.625596 0.657765 0.419493 0.875 0.25
-0.379159 1.38765 0.0826687 -0.621913 0.641764 0.448736 0.875 0.5
-0.379275 1.38765 -0.013909 -0.511064 0.522538 -0.682472 0.625 0.5
material
0.0508761 0.0508761 0.0508761 0
0.8703 0.881829 1 1
0.8703 0.881829 1 0
texture assets/picture/white.png
vertices 912
-0.196729 1.02531 0.127278 -0.0887169 -0.189663 0.977833 0.8125 0.75
-0.203672 1.06798 0.134923 -0.0887169 -0.189663 0.977833 0.8125 0.625
-0.174081 1.06798 0.137608 -0.0887169 -0.189663 0.977833 0.75 0.625
-0.174081 1.06798 0.137608 -0.0887169 -0.189663 0.977833 0.75 0.625
-0.174081 1.02531 0.129332 -0.0887169 -0.189663 0.977833 0.75 0.75
-0.196729 1.02531 0.127278 -0.0887169 -0.189663 0.977833 0.8125 0.75
-0.20611 1.1183 0.137608 -0.090208 0.0574098 0.994267 0.8125 0.5
-0.203672 1.16863 0.134923 -0.090208 0.0574098 0.994267 0.8125 0.375
-0.174081 1.16863 0.137608 -0.090208 0.0574098 0.994267 0.75 0.375
-0.174081 1.16863 0.137608 -0.090208 0.0574098 0.994267 0.75 0.375
-0.174081 1.1183 0.140514 -0.090208 0.0574098 0.994267 0.75 0.5
-0.20611 1.1183 0.137608 -0.090208 0.0574098 0.994267 0.8125 0.5
-0.174081 0.986793 0.102338 -0.051217 -0.823832 0.564516 0.78125 1
-0.186338 0.996804 0.115835 -0.051217 -0.823832 0.564516 0.8125 0.875
-0.174081 0.996804 0.116947 -0.051217 -0.823832 0.564516 0.75 0.875
-0.196729 1.2398 0.112668 -0.151331 0.85473 0.496523 0.875 0.125
-0.174081 1.24981 0.102338 -0.151331 0.85473 0.496523 0.84375 0
-0.186338 1.2398 0.115835 -0.151331 0.85473 0.496523 0.8125 0.125
-0.186338 0.996804 0.115835 -0.082927 -0.397089 0.914026 0.8125 0.875
-0.196729 1.02531 0.127278 -0.082927 -0.397089 0.914026 0.8125 0.75
-0.174081 1.02531 0.129332 -0.082927 -0.397089 0.914026 0.75 0.75
-0.174081 1.02531 0.129332 -0.082927 -0.397089 0.914026 0.75 0.75
-0.174081 0.996804 0.116947 -0.082927 -0.397089 0.914026 0.75 0.875
-0.186338 0.996804 0.115835 -0.082927 -0.397089 0.914026 0.8125 0.875
-0.203672 1.16863 0.134923 -0.088716 0.189663 0.977833 0.8125 0.375
-0.196729 1.2113 0.127278 -0.088716 0.189663 0.977833 0.8125 0.25
-0.174081 1.2113 0.129332 -0.088716 0.189663 0.977833 0.75 0.25
-0.174081 1.2113 0.129332 -0.088716 0.189663 0.977833 0.75 0.25
-0.174081 1.16863 0.137608 -0.088716 0.189663 0.977833 0.75 0.375
-0.203672 1.16863 0.134923 -0.088716 0.189663 0.977833 0.8125 0.375
-0.186338 1.2398 0.115835 -0.0512201 0.823832 0.564516 0.8125 0.125
-0.174081 1.24981 0.102338 -0.0512201 0.823832 0.564516 0.78125 0
-0.174081 1.2398 0.116947 -0.0512201 0.823832 0.564516 0.75 0.125
-0.228758 1.16863 0.127278 -0.284792 0.213795 0.934444 0.875 0.375
-0.215929 1.2113 0.121426 -0.284792 0.213795 0.934444 0.875 0.25
-0.196729 1.2113 0.127278 -0.284792 0.213795 0.934444 0.8125 0.25
-0.196729 1.2113 0.127278 -0.284792 0.213795 0.934444 0.8125 0.25
-0.203672 1.16863 0.134923 -0.284792 0.213795 0.934444 0.8125 0.375
-0.228758 1.16863 0.127278 -0.284792 0.213795 0.934444 0.875 0.375
-0.196729 1.2113 0.127278 -0.0829269 0.397089 0.914026 0.8125 0.25
-0.186338 1.2398 0.115835 -0.0829269 0.397089 0.914026 0.8125 0.125
-0.174081 1.2398 0.116947 -0.0829269 0.397089 0.914026 0.75 0.125
-0.174081 1.2398 0.116947 -0.0829269 0.397089 0.914026 0.75 0.125
-0.174081 1.2113 0.129332 -0.0829269 0.397089 0.914026 0.75 0.25
-0.196729 1.2113 0.127278 -0.0829269 0.397089 0.914026 0.8125 0.25
-0.203672 1.06798 0.134923 -0.090208 -0.0574096 0.994267 0.8125 0.625
-0.20611 1.1183 0.137608 -0.090208 -0.0574096 0.994267 0.8125 0.5
-0.174081 1.1183 0.140514 -0.090208 -0.0574096 0.994267 0.75 0.5
-0.174081 1.1183 0.140514 -0.090208 -0.0574096 0.994267 0.75 0.5
-0.174081 1.06798 0.137608 -0.090208 -0.0574096 0.994267 0.75 0.625
-0.203672 1.06798 0.134923 -0.090208 -0.0574096 0.994267 0.8125 0.625
-0.24552 1.06798 0.115835 -0.561811 -0.0838919 0.823001 0.9375 0.625
-0.251406 1.1183 0.116947 -0.561811 -0.0838919 0.823001 0.9375 0.5
-0.233263 1.1183 0.129332 -0.561811 -0.0838919 0.823001 0.875 0.5
-0.233263 1.1183 0.129332 -0.561811 -0.0838919 0.823001 0.875 0.5
-0.228758 1.06798 0.127278 -0.561811 -0.0838919 0.823001 0.875 0.625
-0.24552 1.06798 0.115835 -0.561811 -0.0838919 0.823001 0.9375 0.625
-0.215929 1.02531 0.121426 -0.284792 -0.213795 0.934444 0.875 0.75
-0.228758 1.06798 0.127278 -0.284792 -0.213795 0.934444 0.875 0.625
-0.203672 1.06798 0.134923 -0.284792 -0.213795 0.934444 0.8125 0.625
-0.203672 1.06798 0.134923 -0.284792 -0.213795 0.934444 0.8125 0.625
-0.196729 1.02531 0.127278 -0.284792 -0.213795 0.934444 0.8125 0.75
-0.215929 1.02531 0.121426 -0.284792 -0.213795 0.934444 0.875 0.75
-0.215929 1.2113 0.121426 -0.261773 0.440158 0.858915 0.875 0.25
-0.196729 1.2398 0.112668 -0.261773 0.440158 0.858915 0.875 0.125
-0.186338 1.2398 0.115835 -0.261773 0.440158 0.858915 0.8125 0.125
-0.186338 1.2398 0.115835 -0.261773 0.440158 0.858915 0.8125 0.125
-0.196729 1.2113 0.127278 -0.261773 0.440158 0.858915 0.8125 0.25
-0.215929 1.2113 0.121426 -0.261773 0.440158 0.858915 0.875 0.25
-0.196729 0.996804 0.112668 -0.261773 -0.440158 0.858916 0.875 0.875
-0.215929 1.02531 0.121426 -0.261773 -0.440158 0.858916 0.875 0.75
-0.196729 1.02531 0.127278 -0.261773 -0.440158 0.858916 0.8125 0.75
-0.196729 1.02531 0.127278 -0.261773 -0.440158 0.858916 0.8125 0.75
-0.186338 0.996804 0.115835 -0.261773 -0.440158 0.858916 0.8125 0.875
-0.196729 0.996804 0.112668 -0.261773 -0.440158 0.858916 0.875 0.875
-0.203672 0.996804 0.107929 -0.476286 -0.535111 0.697716 0.9375 0.875
-0.228758 1.02531 0.112668 -0.476286 -0.535111 0.697716 0.9375 0.75
-0.215929 1.02531 0.121426 -0.476286 -0.535111 0.697716 0.875 0.75
-0.215929 1.02531 0.121426 -0.476286 -0.535111 0.697716 0.875 0.75
-0.196729 0.996804 0.112668 -0.476286 -0.535111 0.697716 0.875 0.875
-0.203672 0.996804 0.107929 -0.476286 -0.535111 0.697716 0.9375 0.875
-0.174081 0.986793 0.102338 -0.151326 -0.854731 0.496524 0.84375 1
-0.196729 0.996804 0.112668 -0.151326 -0.854731 0.496524 0.875 0.875
-0.186338 0.996804 0.115835 -0.151326 -0.854731 0.496524 0.8125 0.875
-0.233263 1.1183 0.129332 -0.290915 0.0650139 0.954537 0.875 0.5
-0.228758 1.16863 0.127278 -0.290915 0.0650139 0.954537 0.875 0.375
-0.203672 1.16863 0.134923 -0.290915 0.0650139 0.954537 0.8125 0.375
-0.203672 1.16863 0.134923 -0.290915 0.0650139 0.954537 0.8125 0.375
-0.20611 1.1183 0.137608 -0.290915 0.0650139 0.954537 0.8125 0.5
-0.233263 1.1183 0.129332 -0.290915 0.0650139 0.954537 0.875 0.5
-0.228758 1.06798 0.127278 -0.290915 -0.0650137 0.954537 0.875 0.625
-0.233263 1.1183 0.129332 -0.290915 -0.0650137 0.954537 0.875 0.5
-0.20611 1.1183 0.137608 -0.290915 -0.0650137 0.954537 0.8125 0.5
-0.20611 1.1183 0.137608 -0.290915 -0.0650137 0.954537 0.8125 0.5
-0.203672 1.06798 0.134923 -0.290915 -0.0650137 0.954537 0.8125 0.625
-0.228758 1.06798 0.127278 -0.290915 -0.0650137 0.954537 0.875 0.625
-0.251406 1.1183 0.116947 -0.56181 0.0838921 0.823002 0.9375 0.5
-0.24552 1.16863 0.115835 -0.56181 0.0838921 0.823002 0.9375 0.375
-0.228758 1.16863 0.127278 -0.56181 0.0838921 0.823002 0.875 0.375
-0.228758 1.16863 0.127278 -0.56181 0.0838921 0.823002 0.875 0.375
-0.233263 1.1183 0.129332 -0.56181 0.0838921 0.823002 0.875 0.5
-0.251406 1.1183 0.116947 -0.56181 0.0838921 0.823002 0.9375 0.5
-0.257777 1.1183 0.102338 -0.91052 0.115264 0.397073 1 0.5
-0.251406 1.16863 0.102338 -0.91052 0.115264 0.397073 1 0.375
-0.24552 1.16863 0.115835 -0.91052 0.115264 0.397073 0.9375 0.375
-0.24552 1.16863 0.115835 -0.91052 0.115264 0.397073 0.9375 0.375
-0.251406 1.1183 0.116947 -0.91052 0.115264 0.397073 0.9375 0.5
-0.257777 1.1183 0.102338 -0.91052 0.115264 0.397073 1 0.5
-0.24552 1.16863 0.115835 -0.542519 0.272131 0.794744 0.9375 0.375
-0.228758 1.2113 0.112668 -0.542519 0.272131 0.794744 0.9375 0.25
-0.215929 1.2113 0.121426 -0.542519 0.272131 0.794744 0.875 0.25
-0.215929 1.2113 0.121426 -0.542519 0.272131 0.794744 0.875 0.25
-0.228758 1.16863 0.127278 -0.542519 0.272131 0.794744 0.875 0.375
-0.24552 1.16863 0.115835 -0.542519 0.272131 0.794744 0.9375 0.375
-0.174081 0.986793 0.102338 -0.239801 -0.905035 0.351293 0.90625 1
-0.203672 0.996804 0.107929 -0.239801 -0.905035 0.351293 0.9375 0.875
-0.196729 0.996804 0.112668 -0.239801 -0.905035 0.351293 0.875 0.875
-0.228758 1.2113 0.112668 -0.476286 0.535111 0.697716 0.9375 0.25
-0.203672 1.2398 0.107929 -0.476286 0.535111 0.697716 0.9375 0.125
-0.196729 1.2398 0.112668 -0.476286 0.535111 0.697716 0.875 0.125
-0.196729 1.2398 0.112668 -0.476286 0.535111 0.697716 0.875 0.125
-0.215929 1.2113 0.121426 -0.476286 0.535111 0.697716 0.875 0.25
-0.228758 1.2113 0.112668 -0.476286 0.535111 0.697716 0.9375 0.25
-0.233263 1.2113 0.102338 -0.690499 0.657675 0.301123 1 0.25
-0.20611 1.2398 0.102338 -0.690499 0.657675 0.301123 1 0.125
-0.203672 1.2398 0.107929 -0.690499 0.657675 0.301123 0.9375 0.125
-0.203672 1.2398 0.107929 -0.690499 0.657675 0.301123 0.9375 0.125
-0.228758 1.2113 0.112668 -0.690499 0.657675 0.301123 0.9375 0.25
-0.233263 1.2113 0.102338 -0.690499 0.657675 0.301123 1 0.25
-0.203672 1.2398 0.107929 -0.239801 0.905035 0.351292 0.9375 0.125
-0.174081 1.24981 0.102338 -0.239801 0.905035 0.351292 0.90625 0
-0.196729 1.2398 0.112668 -0.239801 0.905035 0.351292 0.875 0.125
-0.228758 1.02531 0.112668 -0.542519 -0.272131 0.794744 0.9375 0.75
-0.24552 1.06798 0.115835 -0.542519 -0.272131 0.794744 0.9375 0.625
-0.228758 1.06798 0.127278 -0.542519 -0.272131 0.794744 0.875 0.625
-0.228758 1.06798 0.127278 -0.542519 -0.272131 0.794744 0.875 0.625
-0.215929 1.02531 0.121426 -0.542519 -0.272131 0.794744 0.875 0.75
-0.228758 1.02531 0.112668 -0.542519 -0.272131 0.794744 0.9375 0.75
-0.20611 0.996804 0.102338 -0.690497 -0.657676 0.301124 1 0.875
-0.233263 1.02531 0.102338 -0.690497 -0.657676 0.301124 1 0.75
-0.228758 1.02531 0.112668 -0.690497 -0.657676 0.301124 0.9375 0.75
-0.228758 1.02531 0.112668 -0.690497 -0.657676 0.301124 0.9375 0.75
-0.203672 0.996804 0.107929 -0.690497 -0.657676 0.301124 0.9375 0.875
-0.20611 0.996804 0.102338 -0.690497 -0.657676 0.301124 1 0.875
-0.251406 1.16863 0.102338 -0.854044 0.363175 0.372442 1 0.375
-0.233263 1.2113 0.102338 -0.854044 0.363175 0.372442 1 0.25
-0.228758 1.2113 0.112668 -0.854044 0.363175 0.372442 0.9375 0.25
-0.228758 1.2113 0.112668 -0.854044 0.363175 0.372442 0.9375 0.25
-0.24552 1.16863 0.115835 -0.854044 0.363175 0.372442 0.9375 0.375
-0.251406 1.16863 0.102338 -0.854044 0.363175 0.372442 1 0.375
-0.233263 1.02531 0.102338 -0.854044 -0.363174 0.372441 1 0.75
-0.251406 1.06798 0.102338 -0.854044 -0.363174 0.372441 1 0.625
-0.24552 1.06798 0.115835 -0.854044 -0.363174 0.372441 0.9375 0.625
-0.24552 1.06798 0.115835 -0.854044 -0.363174 0.372441 0.9375 0.625
-0.228758 1.02531 0.112668 -0.854044 -0.363174 0.372441 0.9375 0.75
-0.233263 1.02531 0.102338 -0.854044 -0.363174 0.372441 1 0.75
-0.228758 1.02531 0.0920081 -0.854044 -0.363175 -0.372441 0.0624999 0.75
-0.24552 1.06798 0.0888412 -0.854044 -0.363175 -0.372441 0.0624999 0.625
-0.251406 1.06798 0.102338 -0.854044 -0.363175 -0.372441 0 0.625
-0.251406 1.06798 0.102338 -0.854044 -0.363175 -0.372441 0 0.625
-0.233263 1.02531 0.102338 -0.854044 -0.363175 -0.372441 0 0.75
-0.228758 1.02531 0.0920081 -0.854044 -0.363175 -0.372441 0.0624999 0.75
-0.251406 1.06798 0.102338 -0.91052 -0.115264 0.397073 1 0.625
-0.257777 1.1183 0.102338 -0.91052 -0.115264 0.397073 1 0.5
-0.251406 1.1183 0.116947 -0.91052 -0.115264 0.397073 0.9375 0.5
-0.251406 1.1183 0.116947 -0.91052 -0.115264 0.397073 0.9375 0.5
-0.24552 1.06798 0.115835 -0.91052 -0.115264 0.397073 0.9375 0.625
-0.251406 1.06798 0.102338 -0.91052 -0.115264 0.397073 1 0.625
-0.20611 1.2398 0.102338 -0.295827 0.94649 0.129008 1 0.125
-0.174081 1.24981 0.102338 -0.295827 0.94649 0.129008 0.96875 0
-0.203672 1.2398 0.107929 -0.295827 0.94649 0.129008 0.9375 0.125
-0.174081 0.986793 0.102338 -0.295827 -0.94649 0.129009 0.96875 1
-0.20611 0.996804 0.102338 -0.295827 -0.94649 0.129009 1 0.875
-0.203672 0.996804 0.107929 -0.295827 -0.94649 0.129009 0.9375 0.875
-0.174081 0.986793 0.102338 -0.295829 -0.94649 -0.129007 0.0312499 1
-0.203672 0.996804 0.0967476 -0.295829 -0.94649 -0.129007 0.0624999 0.875
-0.20611 0.996804 0.102338 -0.295829 -0.94649 -0.129007 0 0.875
-0.196729 1.2398 0.092008 -0.239806 0.905035 -0.35129 0.125 0.125
-0.174081 1.24981 0.102338 -0.239806 0.905035 -0.35129 0.09375 0
-0.203672 1.2398 0.0967476 -0.239806 0.905035 -0.35129 0.0624999 0.125
-0.228758 1.2113 0.0920081 -0.690499 0.657675 -0.301123 0.0624999 0.25
-0.203672 1.2398 0.0967476 -0.690499 0.657675 -0.301123 0.0624999 0.125
-0.20611 1.2398 0.102338 -0.690499 0.657675 -0.301123 0 0.125
-0.20611 1.2398 0.102338 -0.690499 0.657675 -0.301123 0 0.125
-0.233263 1.2113 0.102338 -0.690499 0.657675 -0.301123 0 0.25
-0.228758 1.2113 0.0920081 -0.690499 0.657675 -0.301123 0.0624999 0.25
-0.24552 1.06798 0.0888412 -0.910521 -0.115264 -0.397071 0.0624999 0.625
-0.251406 1.1183 0.0877291 -0.910521 -0.115264 -0.397071 0.0624999 0.5
-0.257777 1.1183 0.102338 -0.910521 -0.115264 -0.397071 0 0.5
-0.257777 1.1183 0.102338 -0.910521 -0.115264 -0.397071 0 0.5
-0.251406 1.06798 0.102338 -0.910521 -0.115264 -0.397071 0 0.625
-0.24552 1.06798 0.0888412 -0.910521 -0.115264 -0.397071 0.0624999 0.625
-0.24552 1.16863 0.0888412 -0.854044 0.363175 -0.372442 0.0624999 0.375
-0.228758 1.2113 0.0920081 -0.854044 0.363175 -0.372442 0.0624999 0.25
-0.233263 1.2113 0.102338 -0.854044 0.363175 -0.372442 0 0.25
-0.233263 1.2113 0.102338 -0.854044 0.363175 -0.372442 0 0.25
-0.251406 1.16863 0.102338 -0.854044 0.363175 -0.372442 0 0.375
-0.24552 1.16863 0.0888412 -0.854044 0.363175 -0.372442 0.0624999 0.375
-0.174081 0.986793 0.102338 -0.2398 -0.905036 -0.35129 0.09375 1
-0.196729 0.996804 0.092008 -0.2398 -0.905036 -0.35129 0.125 0.875
-0.203672 0.996804 0.0967476 -0.2398 -0.905036 -0.35129 0.0624999 0.875
-0.251406 1.1183 0.0877291 -0.910521 0.115264 -0.397071 0.0624999 0.5
-0.24552 1.16863 0.0888412 -0.910521 0.115264 -0.397071 0.0624999 0.375
-0.251406 1.16863 0.102338 -0.910521 0.115264 -0.397071 0 0.375
-0.251406 1.16863 0.102338 -0.910521 0.115264 -0.397071 0 0.375
-0.257777 1.1183 0.102338 -0.910521 0.115264 -0.397071 0 0.5
-0.251406 1.1183 0.0877291 -0.910521 0.115264 -0.397071 0.0624999 0.5
-0.203672 0.996804 0.0967476 -0.690499 -0.657675 -0.301123 0.0624999 0.875
-0.228758 1.02531 0.0920081 -0.690499 -0.657675 -0.301123 0.0624999 0.75
-0.233263 1.02531 0.102338 -0.690499 -0.657675 -0.301123 0 0.75
-0.233263 1.02531 0.102338 -0.690499 -0.657675 -0.301123 0 0.75
-0.20611 0.996804 0.102338 -0.690499 -0.657675 -0.301123 0 0.875
-0.203672 0.996804 0.0967476 -0.690499 -0.657675 -0.301123 0.0624999 0.875
-0.203672 1.2398 0.0967476 -0.295829 0.946489 -0.129007 0.0624999 0.125
-0.174081 1.24981 0.102338 -0.295829 0.946489 -0.129007 0.0312499 0
-0.20611 1.2398 0.102338 -0.295829 0.946489 -0.129007 0 0.125
-0.142053 0.996804 0.102338 0.690497 -0.657677 -0.301123 0.5 0.875
-0.1149 1.02531 0.102338 0.690497 -0.657677 -0.301123 0.5 0.75
-0.119405 1.02531 0.092008 0.690497 -0.657677 -0.301123 0.4375 0.75
-0.119405 1.02531 0.092008 0.690497 -0.657677 -0.301123 0.4375 0.75
-0.144491 0.996804 0.0967476 0.690497 -0.657677 -0.301123 0.4375 0.875
-0.142053 0.996804 0.102338 0.690497 -0.657677 -0.301123 0.5 0.875
-0.096757 1.16863 0.102338 0.854043 0.363174 -0.372445 0.5 0.375
-0.1149 1.2113 0.102338 0.854043 0.363174 -0.372445 0.5 0.25
-0.119405 1.2113 0.092008 0.854043 0.363174 -0.372445 0.4375 0.25
-0.119405 1.2113 0.092008 0.854043 0.363174 -0.372445 0.4375 0.25
-0.102643 1.16863 0.0888412 0.854043 0.363174 -0.372445 0.4375 0.375
-0.096757 1.16863 0.102338 0.854043 0.363174 -0.372445 0.5 0.375
-0.174081 0.986793 0.102338 0.151321 -0.854731 -0.496525 0.34375 1
-0.151434 0.996804 0.092008 0.151321 -0.854731 -0.496525 0.375 0.875
-0.161825 0.996804 0.0888413 0.151321 -0.854731 -0.496525 0.3125 0.875
-0.174081 0.986793 0.102338 -0.151321 -0.854731 -0.496524 0.15625 1
-0.186338 0.996804 0.0888413 -0.151321 -0.854731 -0.496524 0.1875 0.875
-0.196729 0.996804 0.092008 -0.151321 -0.854731 -0.496524 0.125 0.875
-0.1149 1.2113 0.102338 0.690498 0.657676 -0.301123 0.5 0.25
-0.142053 1.2398 0.102338 0.690498 0.657676 -0.301123 0.5 0.125
-0.144491 1.2398 0.0967476 0.690498 0.657676 -0.301123 0.4375 0.125
-0.144491 1.2398 0.0967476 0.690498 0.657676 -0.301123 0.4375 0.125
-0.119405 1.2113 0.092008 0.690498 0.657676 -0.301123 0.4375 0.25
-0.1149 1.2113 0.102338 0.690498 0.657676 -0.301123 0.5 0.25
-0.096757 1.06798 0.102338 0.91052 -0.115264 -0.397073 0.5 0.625
-0.0903861 1.1183 0.102338 0.91052 -0.115264 -0.397073 0.5 0.5
-0.096757 1.1183 0.0877291 0.91052 -0.115264 -0.397073 0.4375 0.5
-0.096757 1.1183 0.0877291 0.91052 -0.115264 -0.397073 0.4375 0.5
-0.102643 1.06798 0.0888412 0.91052 -0.115264 -0.397073 0.4375 0.625
-0.096757 1.06798 0.102338 0.91052 -0.115264 -0.397073 0.5 0.625
-0.142053 1.2398 0.102338 0.295829 0.946489 -0.129007 0.5 0.125
-0.174081 1.24981 0.102338 0.295829 0.946489 -0.129007 0.46875 0
-0.144491 1.2398 0.0967476 0.295829 0.946489 -0.129007 0.4375 0.125
-0.144491 1.2398 0.107929 0.295827 0.94649 0.129008 0.5625 0.125
-0.174081 1.24981 0.102338 0.295827 0.94649 0.129008 0.53125 0
-0.142053 1.2398 0.102338 0.295827 0.94649 0.129008 0.5 0.125
-0.186338 1.2398 0.0888412 -0.151331 0.85473 -0.496524 0.1875 0.125
-0.174081 1.24981 0.102338 -0.151331 0.85473 -0.496524 0.15625 0
-0.196729 1.2398 0.092008 -0.151331 0.85473 -0.496524 0.125 0.125
-0.096757 1.1183 0.116947 0.910521 0.115264 0.397072 0.5625 0.5
-0.102643 1.16863 0.115835 0.910521 0.115264 0.397072 0.5625 0.375
-0.096757 1.16863 0.102338 0.910521 0.115264 0.397072 0.5 0.375
-0.096757 1.16863 0.102338 0.910521 0.115264 0.397072 0.5 0.375
-0.0903861 1.1183 0.102338 0.910521 0.115264 0.397072 0.5 0.5
-0.096757 1.1183 0.116947 0.910521 0.115264 0.397072 0.5625 0.5
-0.144491 0.996804 0.107929 0.690498 -0.657676 0.301123 0.5625 0.875
-0.119405 1.02531 0.112668 0.690498 -0.657676 0.301123 0.5625 0.75
-0.1149 1.02531 0.102338 0.690498 -0.657676 0.301123 0.5 0.75
-0.1149 1.02531 0.102338 0.690498 -0.657676 0.301123 0.5 0.75
-0.142053 0.996804 0.102338 0.690498 -0.657676 0.301123 0.5 0.875
-0.144491 0.996804 0.107929 0.690498 -0.657676 0.301123 0.5625 0.875
-0.102643 1.16863 0.115835 0.854043 0.363174 0.372444 0.5625 0.375
-0.119405 1.2113 0.112668 0.854043 0.363174 0.372444 0.5625 0.25
-0.1149 1.2113 0.102338 0.854043 0.363174 0.372444 0.5 0.25
-0.1149 1.2113 0.102338 0.854043 0.363174 0.372444 0.5 0.25
-0.096757 1.16863 0.102338 0.854043 0.363174 0.372444 0.5 0.375
-0.102643 1.16863 0.115835 0.854043 0.363174 0.372444 0.5625 0.375
-0.119405 1.02531 0.112668 0.854043 -0.363174 0.372444 0.5625 0.75
-0.102643 1.06798 0.115835 0.854043 -0.363174 0.372444 0.5625 0.625
-0.096757 1.06798 0.102338 0.854043 -0.363174 0.372444 0.5 0.625
-0.096757 1.06798 0.102338 0.854043 -0.363174 0.372444 0.5 0.625
-0.1149 1.02531 0.102338 0.854043 -0.363174 0.372444 0.5 0.75
-0.119405 1.02531 0.112668 0.854043 -0.363174 0.372444 0.5625 0.75
-0.119405 1.2113 0.112668 0.690499 0.657675 0.301122 0.5625 0.25
-0.144491 1.2398 0.107929 0.690499 0.657675 0.301122 0.5625 0.125
-0.142053 1.2398 0.102338 0.690499 0.657675 0.301122 0.5 0.125
-0.142053 1.2398 0.102338 0.690499 0.657675 0.301122 0.5 0.125
-0.1149 1.2113 0.102338 0.690499 0.657675 0.301122 0.5 0.25
-0.119405 1.2113 0.112668 0.690499 0.657675 0.301122 0.5625 0.25
-0.102643 1.06798 0.115835 0.910521 -0.115264 0.397072 0.5625 0.625
-0.096757 1.1183 0.116947 0.910521 -0.115264 0.397072 0.5625 0.5
-0.0903861 1.1183 0.102338 0.910521 -0.115264 0.397072 0.5 0.5
-0.0903861 1.1183 0.102338 0.910521 -0.115264 0.397072 0.5 0.5
-0.096757 1.06798 0.102338 0.910521 -0.115264 0.397072 0.5 0.625
-0.102643 1.06798 0.115835 0.910521 -0.115264 0.397072 0.5625 0.625
-0.174081 0.986793 0.102338 0.2398 -0.905036 -0.351292 0.40625 1
-0.144491 0.996804 0.0967476 0.2398 -0.905036 -0.351292 0.4375 0.875
-0.151434 0.996804 0.092008 0.2398 -0.905036 -0.351292 0.375 0.875
-0.151434 0.996804 0.112668 0.476288 -0.535112 0.697714 0.625 0.875
-0.132234 1.02531 0.121426 0.476288 -0.535112 0.697714 0.625 0.75
-0.119405 1.02531 0.112668 0.476288 -0.535112 0.697714 0.5625 0.75
-0.119405 1.02531 0.112668 0.476288 -0.535112 0.697714 0.5625 0.75
-0.144491 0.996804 0.107929 0.476288 -0.535112 0.697714 0.5625 0.875
-0.151434 0.996804 0.112668 0.476288 -0.535112 0.697714 0.625 0.875
-0.174081 0.986793 0.102338 0.295827 -0.94649 0.129009 0.53125 1
-0.144491 0.996804 0.107929 0.295827 -0.94649 0.129009 0.5625 0.875
-0.142053 0.996804 0.102338 0.295827 -0.94649 0.129009 0.5 0.875
-0.132234 1.02531 0.121426 0.542522 -0.272131 0.794742 0.625 0.75
-0.119405 1.06798 0.127278 0.542522 -0.272131 0.794742 0.625 0.625
-0.102643 1.06798 0.115835 0.542522 -0.272131 0.794742 0.5625 0.625
-0.102643 1.06798 0.115835 0.542522 -0.272131 0.794742 0.5625 0.625
-0.119405 1.02531 0.112668 0.542522 -0.272131 0.794742 0.5625 0.75
-0.132234 1.02531 0.121426 0.542522 -0.272131 0.794742 0.625 0.75
-0.132234 1.2113 0.121426 0.476288 0.535111 0.697714 0.625 0.25
-0.151434 1.2398 0.112668 0.476288 0.535111 0.697714 0.625 0.125
-0.144491 1.2398 0.107929 0.476288 0.535111 0.697714 0.5625 0.125
-0.144491 1.2398 0.107929 0.476288 0.535111 0.697714 0.5625 0.125
-0.119405 1.2113 0.112668 0.476288 0.535111 0.697714 0.5625 0.25
-0.132234 1.2113 0.121426 0.476288 0.535111 0.697714 0.625 0.25
-0.119405 1.06798 0.127278 0.561811 -0.0838921 0.823001 0.625 0.625
-0.1149 1.1183 0.129332 0.561811 -0.0838921 0.823001 0.625 0.5
-0.096757 1.1183 0.116947 0.561811 -0.0838921 0.823001 0.5625 0.5
-0.096757 1.1183 0.116947 0.561811 -0.0838921 0.823001 0.5625 0.5
-0.102643 1.06798 0.115835 0.561811 -0.0838921 0.823001 0.5625 0.625
-0.119405 1.06798 0.127278 0.561811 -0.0838921 0.823001 0.625 0.625
-0.144491 1.2398 0.0967476 0.239811 0.905033 -0.351291 0.4375 0.125
-0.174081 1.24981 0.102338 0.239811 0.905033 -0.351291 0.40625 0
-0.151434 1.2398 0.092008 0.239811 0.905033 -0.351291 0.375 0.125
-0.174081 0.986793 0.102338 -0.0512212 -0.823832 -0.564515 0.21875 1
-0.174081 0.996804 0.0877292 -0.0512212 -0.823832 -0.564515 0.25 0.875
-0.186338 0.996804 0.0888413 -0.0512212 -0.823832 -0.564515 0.1875 0.875
-0.1149 1.1183 0.129332 0.56181 0.0838923 0.823001 0.625 0.5
-0.119405 1.16863 0.127278 0.56181 0.0838923 0.823001 0.625 0.375
-0.102643 1.16863 0.115835 0.56181 0.0838923 0.823001 0.5625 0.375
-0.102643 1.16863 0.115835 0.56181 0.0838923 0.823001 0.5625 0.375
-0.096757 1.1183 0.116947 0.56181 0.0838923 0.823001 0.5625 0.5
-0.1149 1.1183 0.129332 0.56181 0.0838923 0.823001 0.625 0.5
-0.151434 1.02531 0.127278 0.284792 -0.213795 0.934444 0.6875 0.75
-0.144491 1.06798 0.134923 0.284792 -0.213795 0.934444 0.6875 0.625
-0.119405 1.06798 0.127278 0.284792 -0.213795 0.934444 0.625 0.625
-0.119405 1.06798 0.127278 0.284792 -0.213795 0.934444 0.625 0.625
-0.132234 1.02531 0.121426 0.284792 -0.213795 0.934444 0.625 0.75
-0.151434 1.02531 0.127278 0.284792 -0.213795 0.934444 0.6875 0.75
-0.151434 1.2113 0.127278 0.261771 0.440159 0.858916 0.6875 0.25
-0.161825 1.2398 0.115835 0.261771 0.440159 0.858916 0.6875 0.125
-0.151434 1.2398 0.112668 0.261771 0.440159 0.858916 0.625 0.125
-0.151434 1.2398 0.112668 0.261771 0.440159 0.858916 0.625 0.125
-0.132234 1.2113 0.121426 0.261771 0.440159 0.858916 0.625 0.25
-0.151434 1.2113 0.127278 0.261771 0.440159 0.858916 0.6875 0.25
-0.151434 1.2398 0.112668 0.239806 0.905034 0.351292 0.625 0.125
-0.174081 1.24981 0.102338 0.239806 0.905034 0.351292 0.59375 0
-0.144491 1.2398 0.107929 0.239806 0.905034 0.351292 0.5625 0.125
-0.0903861 1.1183 0.102338 0.910521 0.115263 -0.397072 0.5 0.5
-0.096757 1.16863 0.102338 0.910521 0.115263 -0.397072 0.5 0.375
-0.102643 1.16863 0.0888412 0.910521 0.115263 -0.397072 0.4375 0.375
-0.102643 1.16863 0.0888412 0.910521 0.115263 -0.397072 0.4375 0.375
-0.096757 1.1183 0.0877291 0.910521 0.115263 -0.397072 0.4375 0.5
-0.0903861 1.1183 0.102338 0.910521 0.115263 -0.397072 0.5 0.5
-0.174081 1.2398 0.0877291 -0.0512199 0.823832 -0.564515 0.25 0.125
-0.174081 1.24981 0.102338 -0.0512199 0.823832 -0.564515 0.21875 0
-0.186338 1.2398 0.0888412 -0.0512199 0.823832 -0.564515 0.1875 0.125
-0.142053 1.1183 0.137608 0.290916 0.0650135 0.954537 0.6875 0.5
-0.144491 1.16863 0.134923 0.290916 0.0650135 0.954537 0.6875 0.375
-0.119405 1.16863 0.127278 0.290916 0.0650135 0.954537 0.625 0.375
-0.119405 1.16863 0.127278 0.290916 0.0650135 0.954537 0.625 0.375
-0.1149 1.1183 0.129332 0.290916 0.0650135 0.954537 0.625 0.5
-0.142053 1.1183 0.137608 0.290916 0.0650135 0.954537 0.6875 0.5
-0.119405 1.16863 0.127278 0.542522 0.272132 0.794742 0.625 0.375
-0.132234 1.2113 0.121426 0.542522 0.272132 0.794742 0.625 0.25
-0.119405 1.2113 0.112668 0.542522 0.272132 0.794742 0.5625 0.25
-0.119405 1.2113 0.112668 0.542522 0.272132 0.794742 0.5625 0.25
-0.102643 1.16863 0.115835 0.542522 0.272132 0.794742 0.5625 0.375
-0.119405 1.16863 0.127278 0.542522 0.272132 0.794742 0.625 0.375
-0.174081 0.986793 0.102338 0.239801 -0.905035 0.351293 0.59375 1
-0.151434 0.996804 0.112668 0.239801 -0.905035 0.351293 0.625 0.875
-0.144491 0.996804 0.107929 0.239801 -0.905035 0.351293 0.5625 0.875
-0.161825 1.2398 0.115835 0.151331 0.85473 0.496523 0.6875 0.125
-0.174081 1.24981 0.102338 0.151331 0.85473 0.496523 0.65625 0
-0.151434 1.2398 0.112668 0.151331 0.85473 0.496523 0.625 0.125
-0.1149 1.02531 0.102338 0.854043 -0.363174 -0.372444 0.5 0.75
-0.096757 1.06798 0.102338 0.854043 -0.363174 -0.372444 0.5 0.625
-0.102643 1.06798 0.0888412 0.854043 -0.363174 -0.372444 0.4375 0.625
-0.102643 1.06798 0.0888412 0.854043 -0.363174 -0.372444 0.4375 0.625
-0.119405 1.02531 0.092008 0.854043 -0.363174 -0.372444 0.4375 0.75
-0.1149 1.02531 0.102338 0.854043 -0.363174 -0.372444 0.5 0.75
-0.174081 0.986793 0.102338 0.0512213 -0.823832 -0.564515 0.28125 1
-0.161825 0.996804 0.0888413 0.0512213 -0.823832 -0.564515 0.3125 0.875
-0.174081 0.996804 0.0877292 0.0512213 -0.823832 -0.564515 0.25 0.875
-0.161825 0.996804 0.115835 0.261774 -0.440158 0.858915 0.6875 0.875
-0.151434 1.02531 0.127278 0.261774 -0.440158 0.858915 0.6875 0.75
-0.132234 1.02531 0.121426 0.261774 -0.440158 0.858915 0.625 0.75
-0.132234 1.02531 0.121426 0.261774 -0.440158 0.858915 0.625 0.75
-0.151434 0.996804 0.112668 0.261774 -0.440158 0.858915 0.625 0.875
-0.161825 0.996804 0.115835 0.261774 -0.440158 0.858915 0.6875 0.875
-0.144491 1.16863 0.134923 0.284793 0.213796 0.934443 0.6875 0.375
-0.151434 1.2113 0.127278 0.284793 0.213796 0.934443 0.6875 0.25
-0.132234 1.2113 0.121426 0.284793 0.213796 0.934443 0.625 0.25
-0.132234 1.2113 0.121426 0.284793 0.213796 0.934443 0.625 0.25
-0.119405 1.16863 0.127278 0.284793 0.213796 0.934443 0.625 0.375
-0.144491 1.16863 0.134923 0.284793 0.213796 0.934443 0.6875 0.375
-0.174081 0.986793 0.102338 0.151326 -0.854731 0.496523 0.65625 1
-0.161825 0.996804 0.115835 0.151326 -0.854731 0.496523 0.6875 0.875
-0.151434 0.996804 0.112668 0.151326 -0.854731 0.496523 0.625 0.875
-0.174081 0.986793 0.102338 0.0512168 -0.823831 0.564517 0.71875 1
-0.174081 0.996804 0.116947 0.0512168 -0.823831 0.564517 0.75 0.875
-0.161825 0.996804 0.115835 0.0512168 -0.823831 0.564517 0.6875 0.875
-0.144491 1.06798 0.134923 0.290916 -0.0650132 0.954537 0.6875 0.625
-0.142053 1.1183 0.137608 0.290916 -0.0650132 0.954537 0.6875 0.5
-0.1149 1.1183 0.129332 0.290916 -0.0650132 0.954537 0.625 0.5
-0.1149 1.1183 0.129332 0.290916 -0.0650132 0.954537 0.625 0.5
-0.119405 1.06798 0.127278 0.290916 -0.0650132 0.954537 0.625 0.625
-0.144491 1.06798 0.134923 0.290916 -0.0650132 0.954537 0.6875 0.625
-0.161825 1.2398 0.0888412 0.05122 0.823832 -0.564515 0.3125 0.125
-0.174081 1.24981 0.102338 0.05122 0.823832 -0.564515 0.28125 0
-0.174081 1.2398 0.0877291 0.05122 0.823832 -0.564515 0.25 0.125
-0.174081 1.2113 0.129332 0.082927 0.397089 0.914026 0.75 0.25
-0.174081 1.2398 0.116947 0.082927 0.397089 0.914026 0.75 0.125
-0.161825 1.2398 0.115835 0.082927 0.397089 0.914026 0.6875 0.125
-0.161825 1.2398 0.115835 0.082927 0.397089 0.914026 0.6875 0.125
-0.151434 1.2113 0.127278 0.082927 0.397089 0.914026 0.6875 0.25
-0.174081 1.2113 0.129332 0.082927 0.397089 0.914026 0.75 0.25
-0.174081 1.06798 0.137608 0.0902077 -0.0574097 0.994267 0.75 0.625
-0.174081 1.1183 0.140514 0.0902077 -0.0574097 0.994267 0.75 0.5
-0.142053 1.1183 0.137608 0.0902077 -0.0574097 0.994267 0.6875 0.5
-0.142053 1.1183 0.137608 0.0902077 -0.0574097 0.994267 0.6875 0.5
-0.144491 1.06798 0.134923 0.0902077 -0.0574097 0.994267 0.6875 0.625
-0.174081 1.06798 0.137608 0.0902077 -0.0574097 0.994267 0.75 0.625
-0.174081 1.2398 0.116947 0.0512201 0.823831 0.564516 0.75 0.125
-0.174081 1.24981 0.102338 0.0512201 0.823831 0.564516 0.71875 0
-0.161825 1.2398 0.115835 0.0512201 0.823831 0.564516 0.6875 0.125
-0.174081 1.1183 0.140514 0.0902077 0.0574099 0.994267 0.75 0.5
-0.174081 1.16863 0.137608 0.0902077 0.0574099 0.994267 0.75 0.375
-0.144491 1.16863 0.134923 0.0902077 0.0574099 0.994267 0.6875 0.375
-0.144491 1.16863 0.134923 0.0902077 0.0574099 0.994267 0.6875 0.375
-0.142053 1.1183 0.137608 0.0902077 0.0574099 0.994267 0.6875 0.5
-0.174081 1.1183 0.140514 0.0902077 0.0574099 0.994267 0.75 0.5
-0.174081 0.996804 0.116947 0.0829269 -0.397089 0.914026 0.75 0.875
-0.174081 1.02531 0.129332 0.0829269 -0.397089 0.914026 0.75 0.75
-0.151434 1.02531 0.127278 0.0829269 -0.397089 0.914026 0.6875 0.75
-0.151434 1.02531 0.127278 0.0829269 -0.397089 0.914026 0.6875 0.75
-0.161825 0.996804 0.115835 0.0829269 -0.397089 0.914026 0.6875 0.875
-0.174081 0.996804 0.116947 0.0829269 -0.397089 0.914026 0.75 0.875
-0.174081 1.16863 0.137608 0.0887164 0.189663 0.977833 0.75 0.375
-0.174081 1.2113 0.129332 0.0887164 0.189663 0.977833 0.75 0.25
-0.151434 1.2113 0.127278 0.0887164 0.189663 0.977833 0.6875 0.25
-0.151434 1.2113 0.127278 0.0887164 0.189663 0.977833 0.6875 0.25
-0.144491 1.16863 0.134923 0.0887164 0.189663 0.977833 0.6875 0.375
-0.174081 1.16863 0.137608 0.0887164 0.189663 0.977833 0.75 0.375
-0.174081 0.986793 0.102338 0.295829 -0.94649 -0.129007 0.46875 1
-0.142053 0.996804 0.102338 0.295829 -0.94649 -0.129007 0.5 0.875
-0.144491 0.996804 0.0967476 0.295829 -0.94649 -0.129007 0.4375 0.875
-0.174081 1.02531 0.129332 0.0887164 -0.189662 0.977833 0.75 0.75
-0.174081 1.06798 0.137608 0.0887164 -0.189662 0.977833 0.75 0.625
-0.144491 1.06798 0.134923 0.0887164 -0.189662 0.977833 0.6875 0.625
-0.144491 1.06798 0.134923 0.0887164 -0.189662 0.977833 0.6875 0.625
-0.151434 1.02531 0.127278 0.0887164 -0.189662 0.977833 0.6875 0.75
-0.174081 1.02531 0.129332 0.0887164 -0.189662 0.977833 0.75 0.75
-0.151434 1.2398 0.092008 0.151331 0.854729 -0.496525 0.375 0.125
-0.174081 1.24981 0.102338 0.151331 0.854729 -0.496525 0.34375 0
-0.161825 1.2398 0.0888412 0.151331 0.854729 -0.496525 0.3125 0.125
0.194304 1.02531 0.129332 0.0887164 -0.189662 0.977833 0.75 0.75
0.194304 1.06798 0.137608 0.0887164 -0.189662 0.977833 0.75 0.625
0.223895 1.06798 0.134923 0.0887164 -0.189662 0.977833 0.6875 0.625
0.223895 1.06798 0.134923 0.0887164 -0.189662 0.977833 0.6875 0.625
0.216952 1.02531 0.127278 0.0887164 -0.189662 0.977833 0.6875 0.75
0.194304 1.02531 0.129332 0.0887164 -0.189662 0.977833 0.75 0.75
0.194304 1.1183 0.140514 0.0902077 0.0574099 0.994267 0.75 0.5
0.194304 1.16863 0.137608 0.0902077 0.0574099 0.994267 0.75 0.375
0.223895 1.16863 0.134923 0.0902077 0.0574099 0.994267 0.6875 0.375
0.223895 1.16863 0.134923 0.0902077 0.0574099 0.994267 0.6875 0.375
0.226333 1.1183 0.137608 0.0902077 0.0574099 0.994267 0.6875 0.5
0.194304 1.1183 0.140514 0.0902077 0.0574099 0.994267 0.75 0.5
0.194304 1.2113 0.129332 0.082927 0.397089 0.914026 0.75 0.25
0.194304 1.2398 0.116947 0.082927 0.397089 0.914026 0.75 0.125
0.206561 1.2398 0.115835 0.082927 0.397089 0.914026 0.6875 0.125
0.206561 1.2398 0.115835 0.082927 0.397089 0.914026 0.6875 0.125
0.216952 1.2113 0.127278 0.082927 0.397089 0.914026 0.6875 0.25
0.194304 1.2113 0.129332 0.082927 0.397089 0.914026 0.75 0.25
0.194304 0.996804 0.116947 0.0829269 -0.397089 0.914026 0.75 0.875
0.194304 1.02531 0.129332 0.0829269 -0.397089 0.914026 0.75 0.75
0.216952 1.02531 0.127278 0.0829269 -0.397089 0.914026 0.6875 0.75
0.216952 1.02531 0.127278 0.0829269 -0.397089 0.914026 0.6875 0.75
0.206561 0.996804 0.115835 0.0829269 -0.397089 0.914026 0.6875 0.875
0.194304 0.996804 0.116947 0.0829269 -0.397089 0.914026 0.75 0.875
0.194304 1.06798 0.137608 0.0902076 -0.0574097 0.994267 0.75 0.625
0.194304 1.1183 0.140514 0.0902076 -0.0574097 0.994267 0.75 0.5
0.226333 1.1183 0.137608 0.0902076 -0.0574097 0.994267 0.6875 0.5
0.226333 1.1183 0.137608 0.0902076 -0.0574097 0.994267 0.6875 0.5
0.223895 1.06798 0.134923 0.0902076 -0.0574097 0.994267 0.6875 0.625
0.194304 1.06798 0.137608 0.0902076 -0.0574097 0.994267 0.75 0.625
0.194304 1.16863 0.137608 0.0887164 0.189663 0.977833 0.75 0.375
0.194304 1.2113 0.129332 0.0887164 0.189663 0.977833 0.75 0.25
0.216952 1.2113 0.127278 0.0887164 0.189663 0.977833 0.6875 0.25
0.216952 1.2113 0.127278 0.0887164 0.189663 0.977833 0.6875 0.25
0.223895 1.16863 0.134923 0.0887164 0.189663 0.977833 0.6875 0.375
0.194304 1.16863 0.137608 0.0887164 0.189663 0.977833 0.75 0.375
0.194304 1.2398 0.116947 0.0512201 0.823831 0.564516 0.75 0.125
0.194304 1.24981 0.102338 0.0512201 0.823831 0.564516 0.71875 0
0.206561 1.2398 0.115835 0.0512201 0.823831 0.564516 0.6875 0.125
0.194304 0.986793 0.102338 0.0512168 -0.823831 0.564517 0.71875 1
0.194304 0.996804 0.116947 0.0512168 -0.823831 0.564517 0.75 0.875
0.206561 0.996804 0.115835 0.0512168 -0.823831 0.564517 0.6875 0.875
0.206561 0.996804 0.115835 0.261774 -0.440157 0.858915 0.6875 0.875
0.216952 1.02531 0.127278 0.261774 -0.440157 0.858915 0.6875 0.75
0.236152 1.02531 0.121426 0.261774 -0.440157 0.858915 0.625 0.75
0.236152 1.02531 0.121426 0.261774 -0.440157 0.858915 0.625 0.75
0.216952 0.996804 0.112668 0.261774 -0.440157 0.858915 0.625 0.875
0.206561 0.996804 0.115835 0.261774 -0.440157 0.858915 0.6875 0.875
0.223895 1.06798 0.134923 0.290917 -0.0650133 0.954537 0.6875 0.625
0.226333 1.1183 0.137608 0.290917 -0.0650133 0.954537 0.6875 0.5
0.253486 1.1183 0.129332 0.290917 -0.0650133 0.954537 0.625 0.5
0.253486 1.1183 0.129332 0.290917 -0.0650133 0.954537 0.625 0.5
0.248981 1.06798 0.127278 0.290917 -0.0650133 0.954537 0.625 0.625
0.223895 1.06798 0.134923 0.290917 -0.0650133 0.954537 0.6875 0.625
0.223895 1.16863 0.134923 0.284793 0.213795 0.934444 0.6875 0.375
0.216952 1.2113 0.127278 0.284793 0.213795 0.934444 0.6875 0.25
0.236152 1.2113 0.121426 0.284793 0.213795 0.934444 0.625 0.25
0.236152 1.2113 0.121426 0.284793 0.213795 0.934444 0.625 0.25
0.248981 1.16863 0.127278 0.284793 0.213795 0.934444 0.625 0.375
0.223895 1.16863 0.134923 0.284793 0.213795 0.934444 0.6875 0.375
0.206561 1.2398 0.115835 0.151331 0.85473 0.496523 0.6875 0.125
0.194304 1.24981 0.102338 0.151331 0.85473 0.496523 0.65625 0
0.216952 1.2398 0.112668 0.151331 0.85473 0.496523 0.625 0.125
0.194304 0.986793 0.102338 0.151326 -0.854731 0.496523 0.65625 1
0.206561 0.996804 0.115835 0.151326 -0.854731 0.496523 0.6875 0.875
0.216952 0.996804 0.112668 0.151326 -0.854731 0.496523 0.625 0.875
0.216952 1.02531 0.127278 0.284792 -0.213795 0.934444 0.6875 0.75
0.223895 1.06798 0.134923 0.284792 -0.213795 0.934444 0.6875 0.625
0.248981 1.06798 0.127278 0.284792 -0.213795 0.934444 0.625 0.625
0.248981 1.06798 0.127278 0.284792 -0.213795 0.934444 0.625 0.625
0.236152 1.02531 0.121426 0.284792 -0.213795 0.934444 0.625 0.75
0.216952 1.02531 0.127278 0.284792 -0.213795 0.934444 0.6875 0.75
0.226333 1.1183 0.137608 0.290916 0.0650135 0.954537 0.6875 0.5
0.223895 1.16863 0.134923 0.290916 0.0650135 0.954537 0.6875 0.375
0.248981 1.16863 0.127278 0.290916 0.0650135 0.954537 0.625 0.375
0.248981 1.16863 0.127278 0.290916 0.0650135 0.954537 0.625 0.375
0.253486 1.1183 0.129332 0.290916 0.0650135 0.954537 0.625 0.5
0.226333 1.1183 0.137608 0.290916 0.0650135 0.954537 0.6875 0.5
0.216952 1.2113 0.127278 0.261771 0.440159 0.858916 0.6875 0.25
0.206561 1.2398 0.115835 0.261771 0.440159 0.858916 0.6875 0.125
0.216952 1.2398 0.112668 0.261771 0.440159 0.858916 0.625 0.125
0.216952 1.2398 0.112668 0.261771 0.440159 0.858916 0.625 0.125
0.236152 1.2113 0.121426 0.261771 0.440159 0.858916 0.625 0.25
0.216952 1.2113 0.127278 0.261771 0.440159 0.858916 0.6875 0.25
0.248981 1.16863 0.127278 0.542522 0.272132 0.794742 0.625 0.375
0.236152 1.2113 0.121426 0.542522 0.272132 0.794742 0.625 0.25
0.248981 1.2113 0.112668 0.542522 0.272132 0.794742 0.5625 0.25
0.248981 1.2113 0.112668 0.542522 0.272132 0.794742 0.5625 0.25
0.265743 1.16863 0.115835 0.542522 0.272132 0.794742 0.5625 0.375
0.248981 1.16863 0.127278 0.542522 0.272132 0.794742 0.625 0.375
0.216952 1.2398 0.112668 0.239806 0.905035 0.351291 0.625 0.125
0.194304 1.24981 0.102338 0.239806 0.905035 0.351291 0.59375 0
0.223895 1.2398 0.107929 0.239806 0.905035 0.351291 0.5625 0.125
0.194304 0.986793 0.102338 0.239801 -0.905036 0.351291 0.59375 1
0.216952 0.996804 0.112668 0.239801 -0.905036 0.351291 0.625 0.875
0.223895 0.996804 0.107929 0.239801 -0.905036 0.351291 0.5625 0.875
0.236152 1.02531 0.121426 0.542522 -0.272132 0.794741 0.625 0.75
0.248981 1.06798 0.127278 0.542522 -0.272132 0.794741 0.625 0.625
0.265743 1.06798 0.115835 0.542522 -0.272132 0.794741 0.5625 0.625
0.265743 1.06798 0.115835 0.542522 -0.272132 0.794741 0.5625 0.625
0.248981 1.02531 0.112668 0.542522 -0.272132 0.794741 0.5625 0.75
0.236152 1.02531 0.121426 0.542522 -0.272132 0.794741 0.625 0.75
0.253486 1.1183 0.129332 0.56181 0.0838923 0.823001 0.625 0.5
0.248981 1.16863 0.127278 0.56181 0.0838923 0.823001 0.625 0.375
0.265743 1.16863 0.115835 0.56181 0.0838923 0.823001 0.5625 0.375
0.265743 1.16863 0.115835 0.56181 0.0838923 0.823001 0.5625 0.375
0.271628 1.1183 0.116947 0.56181 0.0838923 0.823001 0.5625 0.5
0.253486 1.1183 0.129332 0.56181 0.0838923 0.823001 0.625 0.5
0.236152 1.2113 0.121426 0.476288 0.535112 0.697714 0.625 0.25
0.216952 1.2398 0.112668 0.476288 0.535112 0.697714 0.625 0.125
0.223895 1.2398 0.107929 0.476288 0.535112 0.697714 0.5625 0.125
0.223895 1.2398 0.107929 0.476288 0.535112 0.697714 0.5625 0.125
0.248981 1.2113 0.112668 0.476288 0.535112 0.697714 0.5625 0.25
0.236152 1.2113 0.121426 0.476288 0.535112 0.697714 0.625 0.25
0.216952 0.996804 0.112668 0.476288 -0.535112 0.697714 0.625 0.875
0.236152 1.02531 0.121426 0.476288 -0.535112 0.697714 0.625 0.75
0.248981 1.02531 0.112668 0.476288 -0.535112 0.697714 0.5625 0.75
0.248981 1.02531 0.112668 0.476288 -0.535112 0.697714 0.5625 0.75
0.223895 0.996804 0.107929 0.476288 -0.535112 0.697714 0.5625 0.875
0.216952 0.996804 0.112668 0.476288 -0.535112 0.697714 0.625 0.875
0.248981 1.06798 0.127278 0.561811 -0.0838921 0.823001 0.625 0.625
0.253486 1.1183 0.129332 0.561811 -0.0838921 0.823001 0.625 0.5
0.271628 1.1183 0.116947 0.561811 -0.0838921 0.823001 0.5625 0.5
0.271628 1.1183 0.116947 0.561811 -0.0838921 0.823001 0.5625 0.5
0.265743 1.06798 0.115835 0.561811 -0.0838921 0.823001 0.5625 0.625
0.248981 1.06798 0.127278 0.561811 -0.0838921 0.823001 0.625 0.625
0.194304 0.986793 0.102338 0.295827 -0.94649 0.129009 0.53125 1
0.223895 0.996804 0.107929 0.295827 -0.94649 0.129009 0.5625 0.875
0.226333 0.996804 0.102338 0.295827 -0.94649 0.129009 0.5 0.875
0.248981 1.02531 0.112668 0.854043 -0.363174 0.372445 0.5625 0.75
0.265743 1.06798 0.115835 0.854043 -0.363174 0.372445 0.5625 0.625
0.271628 1.06798 0.102338 0.854043 -0.363174 0.372445 0.5 0.625
0.271628 1.06798 0.102338 0.854043 -0.363174 0.372445 0.5 0.625
0.253486 1.02531 0.102338 0.854043 -0.363174 0.372445 0.5 0.75
0.248981 1.02531 0.112668 0.854043 -0.363174 0.372445 0.5625 0.75
0.271628 1.1183 0.116947 0.910521 0.115264 0.397071 0.5625 0.5
0.265743 1.16863 0.115835 0.910521 0.115264 0.397071 0.5625 0.375
0.271628 1.16863 0.102338 0.910521 0.115264 0.397071 0.5 0.375
0.271628 1.16863 0.102338 0.910521 0.115264 0.397071 0.5 0.375
0.277999 1.1183 0.102338 0.910521 0.115264 0.397071 0.5 0.5
0.271628 1.1183 0.116947 0.910521 0.115264 0.397071 0.5625 0.5
0.248981 1.2113 0.112668 0.690499 0.657675 0.301122 0.5625 0.25
0.223895 1.2398 0.107929 0.690499 0.657675 0.301122 0.5625 0.125
0.226333 1.2398 0.102338 0.690499 0.657675 0.301122 0.5 0.125
0.226333 1.2398 0.102338 0.690499 0.657675 0.301122 0.5 0.125
0.253486 1.2113 0.102338 0.690499 0.657675 0.301122 0.5 0.25
0.248981 1.2113 0.112668 0.690499 0.657675 0.301122 0.5625 0.25
0.223895 0.996804 0.107929 0.690498 -0.657676 0.301123 0.5625 0.875
0.248981 1.02531 0.112668 0.690498 -0.657676 0.301123 0.5625 0.75
0.253486 1.02531 0.102338 0.690498 -0.657676 0.301123 0.5 0.75
0.253486 1.02531 0.102338 0.690498 -0.657676 0.301123 0.5 0.75
0.226333 0.996804 0.102338 0.690498 -0.657676 0.301123 0.5 0.875
0.223895 0.996804 0.107929 0.690498 -0.657676 0.301123 0.5625 0.875
0.265743 1.06798 0.115835 0.910521 -0.115264 0.397071 0.5625 0.625
0.271628 1.1183 0.116947 0.910521 -0.115264 0.397071 0.5625 0.5
0.277999 1.1183 0.102338 0.910521 -0.115264 0.397071 0.5 0.5
0.277999 1.1183 0.102338 0.910521 -0.115264 0.397071 0.5 0.5
0.271628 1.06798 0.102338 0.910521 -0.115264 0.397071 0.5 0.625
0.265743 1.06798 0.115835 0.910521 -0.115264 0.397071 0.5625 0.625
0.265743 1.16863 0.115835 0.854043 0.363174 0.372445 0.5625 0.375
0.248981 1.2113 0.112668 0.854043 0.363174 0.372445 0.5625 0.25
0.253486 1.2113 0.102338 0.854043 0.363174 0.372445 0.5 0.25
0.253486 1.2113 0.102338 0.854043 0.363174 0.372445 0.5 0.25
0.271628 1.16863 0.102338 0.854043 0.363174 0.372445 0.5 0.375
0.265743 1.16863 0.115835 0.854043 0.363174 0.372445 0.5625 0.375
0.223895 1.2398 0.107929 0.295827 0.94649 0.129008 0.5625 0.125
0.194304 1.24981 0.102338 0.295827 0.94649 0.129008 0.53125 0
0.226333 1.2398 0.102338 0.295827 0.94649 0.129008 0.5 0.125
0.253486 1.2113 0.102338 0.690498 0.657676 -0.301123 0.5 0.25
0.226333 1.2398 0.102338 0.690498 0.657676 -0.301123 0.5 0.125
0.223895 1.2398 0.0967476 0.690498 0.657676 -0.301123 0.4375 0.125
0.223895 1.2398 0.0967476 0.690498 0.657676 -0.301123 0.4375 0.125
0.248981 1.2113 0.092008 0.690498 0.657676 -0.301123 0.4375 0.25
0.253486 1.2113 0.102338 0.690498 0.657676 -0.301123 0.5 0.25
0.226333 0.996804 0.102338 0.690497 -0.657677 -0.301123 0.5 0.875
0.253486 1.02531 0.102338 0.690497 -0.657677 -0.301123 0.5 0.75
0.248981 1.02531 0.092008 0.690497 -0.657677 -0.301123 0.4375 0.75
0.248981 1.02531 0.092008 0.690497 -0.657677 -0.301123 0.4375 0.75
0.223895 0.996804 0.0967476 0.690497 -0.657677 -0.301123 0.4375 0.875
0.226333 0.996804 0.102338 0.690497 -0.657677 -0.301123 0.5 0.875
0.271628 1.06798 0.102338 0.910521 -0.115264 -0.397072 0.5 0.625
0.277999 1.1183 0.102338 0.910521 -0.115264 -0.397072 0.5 0.5
0.271628 1.1183 0.0877291 0.910521 -0.115264 -0.397072 0.4375 0.5
0.271628 1.1183 0.0877291 0.910521 -0.115264 -0.397072 0.4375 0.5
0.265743 1.06798 0.0888412 0.910521 -0.115264 -0.397072 0.4375 0.625
0.271628 1.06798 0.102338 0.910521 -0.115264 -0.397072 0.5 0.625
0.271628 1.16863 0.102338 0.854043 0.363174 -0.372445 0.5 0.375
0.253486 1.2113 0.102338 0.854043 0.363174 -0.372445 0.5 0.25
0.248981 1.2113 0.092008 0.854043 0.363174 -0.372445 0.4375 0.25
0.248981 1.2113 0.092008 0.854043 0.363174 -0.372445 0.4375 0.25
0.265743 1.16863 0.0888412 0.854043 0.363174 -0.372445 0.4375 0.375
0.271628 1.16863 0.102338 0.854043 0.363174 -0.372445 0.5 0.375
0.226333 1.2398 0.102338 0.295829 0.946489 -0.129007 0.5 0.125
0.194304 1.24981 0.102338 0.295829 0.946489 -0.129007 0.46875 0
0.223895 1.2398 0.0967476 0.295829 0.946489 -0.129007 0.4375 0.125
0.194304 0.986793 0.102338 0.295829 -0.94649 -0.129007 0.46875 1
0.226333 0.996804 0.102338 0.295829 -0.94649 -0.129007 0.5 0.875
0.223895 0.996804 0.0967476 0.295829 -0.94649 -0.129007 0.4375 0.875
0.253486 1.02531 0.102338 0.854043 -0.363174 -0.372444 0.5 0.75
0.271628 1.06798 0.102338 0.854043 -0.363174 -0.372444 0.5 0.625
0.265743 1.06798 0.0888412 0.854043 -0.363174 -0.372444 0.4375 0.625
0.265743 1.06798 0.0888412 0.854043 -0.363174 -0.372444 0.4375 0.625
0.248981 1.02531 0.092008 0.854043 -0.363174 -0.372444 0.4375 0.75
0.253486 1.02531 0.102338 0.854043 -0.363174 -0.372444 0.5 0.75
0.277999 1.1183 0.102338 0.910521 0.115263 -0.397072 0.5 0.5
0.271628 1.16863 0.102338 0.910521 0.115263 -0.397072 0.5 0.375
0.265743 1.16863 0.0888412 0.910521 0.115263 -0.397072 0.4375 0.375
0.265743 1.16863 0.0888412 0.910521 0.115263 -0.397072 0.4375 0.375
0.271628 1.1183 0.0877291 0.910521 0.115263 -0.397072 0.4375 0.5
0.277999 1.1183 0.102338 0.910521 0.115263 -0.397072 0.5 0.5
0.223895 1.2398 0.0967476 0.239811 0.905034 -0.35129 0.4375 0.125
0.194304 1.24981 0.102338 0.239811 0.905034 -0.35129 0.40625 0
0.216952 1.2398 0.092008 0.239811 0.905034 -0.35129 0.375 0.125
0.194304 0.986793 0.102338 0.2398 -0.905036 -0.35129 0.40625 1
0.223895 0.996804 0.0967476 0.2398 -0.905036 -0.35129 0.4375 0.875
0.216952 0.996804 0.092008 0.2398 -0.905036 -0.35129 0.375 0.875
0.216952 1.2398 0.092008 0.151331 0.854729 -0.496526 0.375 0.125
0.194304 1.24981 0.102338 0.151331 0.854729 -0.496526 0.34375 0
0.206561 1.2398 0.0888412 0.151331 0.854729 -0.496526 0.3125 0.125
0.194304 0.986793 0.102338 0.151321 -0.85473 -0.496526 0.34375 1
0.216952 0.996804 0.092008 0.151321 -0.85473 -0.496526 0.375 0.875
0.206561 0.996804 0.0888413 0.151321 -0.85473 -0.496526 0.3125 0.875
0.206561 1.2398 0.0888412 0.05122 0.823833 -0.564514 0.3125 0.125
0.194304 1.24981 0.102338 0.05122 0.823833 -0.564514 0.28125 0
0.194304 1.2398 0.0877291 0.05122 0.823833 -0.564514 0.25 0.125
0.194304 0.986793 0.102338 0.0512213 -0.823833 -0.564514 0.28125 1
0.206561 0.996804 0.0888413 0.0512213 -0.823833 -0.564514 0.3125 0.875
0.194304 0.996804 0.0877292 0.0512213 -0.823833 -0.564514 0.25 0.875
0.194304 1.2398 0.0877291 -0.0512199 0.823832 -0.564515 0.25 0.125
0.194304 1.24981 0.102338 -0.0512199 0.823832 -0.564515 0.21875 0
0.182047 1.2398 0.0888412 -0.0512199 0.823832 -0.564515 0.1875 0.125
0.194304 0.986793 0.102338 -0.0512212 -0.823832 -0.564515 0.21875 1
0.194304 0.996804 0.0877292 -0.0512212 -0.823832 -0.564515 0.25 0.875
0.182047 0.996804 0.0888413 -0.0512212 -0.823832 -0.564515 0.1875 0.875
0.182047 1.2398 0.0888412 -0.151331 0.85473 -0.496524 0.1875 0.125
0.194304 1.24981 0.102338 -0.151331 0.85473 -0.496524 0.15625 0
0.171656 1.2398 0.092008 -0.151331 0.85473 -0.496524 0.125 0.125
0.194304 0.986793 0.102338 -0.151321 -0.854731 -0.496524 0.15625 1
0.182047 0.996804 0.0888413 -0.151321 -0.854731 -0.496524 0.1875 0.875
0.171656 0.996804 0.092008 -0.151321 -0.854731 -0.496524 0.125 0.875
0.194304 0.986793 0.102338 -0.2398 -0.905036 -0.351292 0.09375 1
0.171656 0.996804 0.092008 -0.2398 -0.905036 -0.351292 0.125 0.875
0.164713 0.996804 0.0967476 -0.2398 -0.905036 -0.351292 0.0624999 0.875
0.171656 1.2398 0.092008 -0.239806 0.905035 -0.351291 0.125 0.125
0.194304 1.24981 0.102338 -0.239806 0.905035 -0.351291 0.09375 0
0.164713 1.2398 0.0967476 -0.239806 0.905035 -0.351291 0.0624999 0.125
0.11698 1.1183 0.0877291 -0.910521 0.115264 -0.397072 0.0624999 0.5
0.122866 1.16863 0.0888412 -0.910521 0.115264 -0.397072 0.0624999 0.375
0.11698 1.16863 0.102338 -0.910521 0.115264 -0.397072 0 0.375
0.11698 1.16863 0.102338 -0.910521 0.115264 -0.397072 0 0.375
0.110609 1.1183 0.102338 -0.910521 0.115264 -0.397072 0 0.5
0.11698 1.1183 0.0877291 -0.910521 0.115264 -0.397072 0.0624999 0.5
0.139627 1.2113 0.0920081 -0.690499 0.657675 -0.301121 0.0624999 0.25
0.164713 1.2398 0.0967476 -0.690499 0.657675 -0.301121 0.0624999 0.125
0.162275 1.2398 0.102338 -0.690499 0.657675 -0.301121 0 0.125
0.162275 1.2398 0.102338 -0.690499 0.657675 -0.301121 0 0.125
0.135122 1.2113 0.102338 -0.690499 0.657675 -0.301121 0 0.25
0.139627 1.2113 0.0920081 -0.690499 0.657675 -0.301121 0.0624999 0.25
0.164713 0.996804 0.0967476 -0.690499 -0.657675 -0.301121 0.0624999 0.875
0.139627 1.02531 0.0920081 -0.690499 -0.657675 -0.301121 0.0624999 0.75
0.135122 1.02531 0.102338 -0.690499 -0.657675 -0.301121 0 0.75
0.135122 1.02531 0.102338 -0.690499 -0.657675 -0.301121 0 0.75
0.162275 0.996804 0.102338 -0.690499 -0.657675 -0.301121 0 0.875
0.164713 0.996804 0.0967476 -0.690499 -0.657675 -0.301121 0.0624999 0.875
0.122866 1.06798 0.0888412 -0.910521 -0.115264 -0.397071 0.0624999 0.625
0.11698 1.1183 0.0877291 -0.910521 -0.115264 -0.397071 0.0624999 0.5
0.110609 1.1183 0.102338 -0.910521 -0.115264 -0.397071 0 0.5
0.110609 1.1183 0.102338 -0.910521 -0.115264 -0.397071 0 0.5
0.11698 1.06798 0.102338 -0.910521 -0.115264 -0.397071 0 0.625
0.122866 1.06798 0.0888412 -0.910521 -0.115264 -0.397071 0.0624999 0.625
0.122866 1.16863 0.0888412 -0.854044 0.363174 -0.372443 0.0624999 0.375
0.139627 1.2113 0.0920081 -0.854044 0.363174 -0.372443 0.0624999 0.25
0.135122 1.2113 0.102338 -0.854044 0.363174 -0.372443 0 0.25
0.135122 1.2113 0.102338 -0.854044 0.363174 -0.372443 0 0.25
0.11698 1.16863 0.102338 -0.854044 0.363174 -0.372443 0 0.375
0.122866 1.16863 0.0888412 -0.854044 0.363174 -0.372443 0.0624999 0.375
0.164713 1.2398 0.0967476 -0.295829 0.946489 -0.129007 0.0624999 0.125
0.194304 1.24981 0.102338 -0.295829 0.946489 -0.129007 0.0312499 0
0.162275 1.2398 0.102338 -0.295829 0.946489 -0.129007 0 0.125
0.194304 0.986793 0.102338 -0.295829 -0.94649 -0.129007 0.0312499 1
0.164713 0.996804 0.0967476 -0.295829 -0.94649 -0.129007 0.0624999 0.875
0.162275 0.996804 0.102338 -0.295829 -0.94649 -0.129007 0 0.875
0.139627 1.02531 0.0920081 -0.854044 -0.363174 -0.372443 0.0624999 0.75
0.122866 1.06798 0.0888412 -0.854044 -0.363174 -0.372443 0.0624999 0.625
0.11698 1.06798 0.102338 -0.854044 -0.363174 -0.372443 0 0.625
0.11698 1.06798 0.102338 -0.854044 -0.363174 -0.372443 0 0.625
0.135122 1.02531 0.102338 -0.854044 -0.363174 -0.372443 0 0.75
0.139627 1.02531 0.0920081 -0.854044 -0.363174 -0.372443 0.0624999 0.75
0.162275 0.996804 0.102338 -0.690497 -0.657676 0.301123 1 0.875
0.135122 1.02531 0.102338 -0.690497 -0.657676 0.301123 1 0.75
0.139627 1.02531 0.112668 -0.690497 -0.657676 0.301123 0.9375 0.75
0.139627 1.02531 0.112668 -0.690497 -0.657676 0.301123 0.9375 0.75
0.164713 0.996804 0.107929 -0.690497 -0.657676 0.301123 0.9375 0.875
0.162275 0.996804 0.102338 -0.690497 -0.657676 0.301123 1 0.875
0.11698 1.06798 0.102338 -0.91052 -0.115264 0.397073 1 0.625
0.110609 1.1183 0.102338 -0.91052 -0.115264 0.397073 1 0.5
0.11698 1.1183 0.116947 -0.91052 -0.115264 0.397073 0.9375 0.5
0.11698 1.1183 0.116947 -0.91052 -0.115264 0.397073 0.9375 0.5
0.122866 1.06798 0.115835 -0.91052 -0.115264 0.397073 0.9375 0.625
0.11698 1.06798 0.102338 -0.91052 -0.115264 0.397073 1 0.625
0.11698 1.16863 0.102338 -0.854043 0.363175 0.372443 1 0.375
0.135122 1.2113 0.102338 -0.854043 0.363175 0.372443 1 0.25
0.139627 1.2113 0.112668 -0.854043 0.363175 0.372443 0.9375 0.25
0.139627 1.2113 0.112668 -0.854043 0.363175 0.372443 0.9375 0.25
0.122866 1.16863 0.115835 -0.854043 0.363175 0.372443 0.9375 0.375
0.11698 1.16863 0.102338 -0.854043 0.363175 0.372443 1 0.375
0.162275 1.2398 0.102338 -0.295827 0.94649 0.129008 1 0.125
0.194304 1.24981 0.102338 -0.295827 0.94649 0.129008 0.96875 0
0.164713 1.2398 0.107929 -0.295827 0.94649 0.129008 0.9375 0.125
0.194304 0.986793 0.102338 -0.295827 -0.94649 0.129009 0.96875 1
0.162275 0.996804 0.102338 -0.295827 -0.94649 0.129009 1 0.875
0.164713 0.996804 0.107929 -0.295827 -0.94649 0.129009 0.9375 0.875
0.135122 1.02531 0.102338 -0.854044 -0.363174 0.372443 1 0.75
0.11698 1.06798 0.102338 -0.854044 -0.363174 0.372443 1 0.625
0.122866 1.06798 0.115835 -0.854044 -0.363174 0.372443 0.9375 0.625
0.122866 1.06798 0.115835 -0.854044 -0.363174 0.372443 0.9375 0.625
0.139627 1.02531 0.112668 -0.854044 -0.363174 0.372443 0.9375 0.75
0.135122 1.02531 0.102338 -0.854044 -0.363174 0.372443 1 0.75
0.110609 1.1183 0.102338 -0.91052 0.115264 0.397073 1 0.5
0.11698 1.16863 0.102338 -0.91052 0.115264 0.397073 1 0.375
0.122866 1.16863 0.115835 -0.91052 0.115264 0.397073 0.9375 0.375
0.122866 1.16863 0.115835 -0.91052 0.115264 0.397073 0.9375 0.375
0.11698 1.1183 0.116947 -0.91052 0.115264 0.397073 0.9375 0.5
0.110609 1.1183 0.102338 -0.91052 0.115264 0.397073 1 0.5
0.135122 1.2113 0.102338 -0.690499 0.657675 0.301122 1 0.25
0.162275 1.2398 0.102338 -0.690499 0.657675 0.301122 1 0.125
0.164713 1.2398 0.107929 -0.690499 0.657675 0.301122 0.9375 0.125
0.164713 1.2398 0.107929 -0.690499 0.657675 0.301122 0.9375 0.125
0.139627 1.2113 0.112668 -0.690499 0.657675 0.301122 0.9375 0.25
0.135122 1.2113 0.102338 -0.690499 0.657675 0.301122 1 0.25
0.122866 1.16863 0.115835 -0.542519 0.272131 0.794744 0.9375 0.375
0.139627 1.2113 0.112668 -0.542519 0.272131 0.794744 0.9375 0.25
0.152456 1.2113 0.121426 -0.542519 0.272131 0.794744 0.875 0.25
0.152456 1.2113 0.121426 -0.542519 0.272131 0.794744 0.875 0.25
0.139627 1.16863 0.127278 -0.542519 0.272131 0.794744 0.875 0.375
0.122866 1.16863 0.115835 -0.542519 0.272131 0.794744 0.9375 0.375
0.164713 1.2398 0.107929 -0.239801 0.905035 0.351294 0.9375 0.125
0.194304 1.24981 0.102338 -0.239801 0.905035 0.351294 0.90625 0
0.171656 1.2398 0.112668 -0.239801 0.905035 0.351294 0.875 0.125
0.194304 0.986793 0.102338 -0.239801 -0.905035 0.351294 0.90625 1
0.164713 0.996804 0.107929 -0.239801 -0.905035 0.351294 0.9375 0.875
0.171656 0.996804 0.112668 -0.239801 -0.905035 0.351294 0.875 0.875
0.139627 1.02531 0.112668 -0.542519 -0.272131 0.794744 0.9375 0.75
0.122866 1.06798 0.115835 -0.542519 -0.272131 0.794744 0.9375 0.625
0.139627 1.06798 0.127278 -0.542519 -0.272131 0.794744 0.875 0.625
0.139627 1.06798 0.127278 -0.542519 -0.272131 0.794744 0.875 0.625
0.152456 1.02531 0.121426 -0.542519 -0.272131 0.794744 0.875 0.75
0.139627 1.02531 0.112668 -0.542519 -0.272131 0.794744 0.9375 0.75
0.11698 1.1183 0.116947 -0.56181 0.0838921 0.823001 0.9375 0.5
0.122866 1.16863 0.115835 -0.56181 0.0838921 0.823001 0.9375 0.375
0.139627 1.16863 0.127278 -0.56181 0.0838921 0.823001 0.875 0.375
0.139627 1.16863 0.127278 -0.56181 0.0838921 0.823001 0.875 0.375
0.135122 1.1183 0.129332 -0.56181 0.0838921 0.823001 0.875 0.5
0.11698 1.1183 0.116947 -0.56181 0.0838921 0.823001 0.9375 0.5
0.139627 1.2113 0.112668 -0.476286 0.535111 0.697716 0.9375 0.25
0.164713 1.2398 0.107929 -0.476286 0.535111 0.697716 0.9375 0.125
0.171656 1.2398 0.112668 -0.476286 0.535111 0.697716 0.875 0.125
0.171656 1.2398 0.112668 -0.476286 0.535111 0.697716 0.875 0.125
0.152456 1.2113 0.121426 -0.476286 0.535111 0.697716 0.875 0.25
0.139627 1.2113 0.112668 -0.476286 0.535111 0.697716 0.9375 0.25
0.164713 0.996804 0.107929 -0.476286 -0.535111 0.697716 0.9375 0.875
0.139627 1.02531 0.112668 -0.476286 -0.535111 0.697716 0.9375 0.75
0.152456 1.02531 0.121426 -0.476286 -0.535111 0.697716 0.875 0.75
0.152456 1.02531 0.121426 -0.476286 -0.535111 0.697716 0.875 0.75
0.171656 0.996804 0.112668 -0.476286 -0.535111 0.697716 0.875 0.875
0.164713 0.996804 0.107929 -0.476286 -0.535111 0.697716 0.9375 0.875
0.122866 1.06798 0.115835 -0.56181 -0.0838918 0.823001 0.9375 0.625
0.11698 1.1183 0.116947 -0.56181 -0.0838918 0.823001 0.9375 0.5
0.135122 1.1183 0.129332 -0.56181 -0.0838918 0.823001 0.875 0.5
0.135122 1.1183 0.129332 -0.56181 -0.0838918 0.823001 0.875 0.5
0.139627 1.06798 0.127278 -0.56181 -0.0838918 0.823001 0.875 0.625
0.122866 1.06798 0.115835 -0.56181 -0.0838918 0.823001 0.9375 0.625
0.194304 0.986793 0.102338 -0.151326 -0.854731 0.496523 0.84375 1
0.171656 0.996804 0.112668 -0.151326 -0.854731 0.496523 0.875 0.875
0.182047 0.996804 0.115835 -0.151326 -0.854731 0.496523 0.8125 0.875
0.152456 1.02531 0.121426 -0.284792 -0.213795 0.934444 0.875 0.75
0.139627 1.06798 0.127278 -0.284792 -0.213795 0.934444 0.875 0.625
0.164713 1.06798 0.134923 -0.284792 -0.213795 0.934444 0.8125 0.625
0.164713 1.06798 0.134923 -0.284792 -0.213795 0.934444 0.8125 0.625
0.171656 1.02531 0.127278 -0.284792 -0.213795 0.934444 0.8125 0.75
0.152456 1.02531 0.121426 -0.284792 -0.213795 0.934444 0.875 0.75
0.135122 1.1183 0.129332 -0.290915 0.0650139 0.954538 0.875 0.5
0.139627 1.16863 0.127278 -0.290915 0.0650139 0.954538 0.875 0.375
0.164713 1.16863 0.134923 -0.290915 0.0650139 0.954538 0.8125 0.375
0.164713 1.16863 0.134923 -0.290915 0.0650139 0.954538 0.8125 0.375
0.162275 1.1183 0.137608 -0.290915 0.0650139 0.954538 0.8125 0.5
0.135122 1.1183 0.129332 -0.290915 0.0650139 0.954538 0.875 0.5
0.152456 1.2113 0.121426 -0.261773 0.440158 0.858915 0.875 0.25
0.171656 1.2398 0.112668 -0.261773 0.440158 0.858915 0.875 0.125
0.182047 1.2398 0.115835 -0.261773 0.440158 0.858915 0.8125 0.125
0.182047 1.2398 0.115835 -0.261773 0.440158 0.858915 0.8125 0.125
0.171656 1.2113 0.127278 -0.261773 0.440158 0.858915 0.8125 0.25
0.152456 1.2113 0.121426 -0.261773 0.440158 0.858915 0.875 0.25
0.171656 0.996804 0.112668 -0.261773 -0.440158 0.858916 0.875 0.875
0.152456 1.02531 0.121426 -0.261773 -0.440158 0.858916 0.875 0.75
0.171656 1.02531 0.127278 -0.261773 -0.440158 0.858916 0.8125 0.75
0.171656 1.02531 0.127278 -0.261773 -0.440158 0.858916 0.8125 0.75
0.182047 0.996804 0.115835 -0.261773 -0.440158 0.858916 0.8125 0.875
0.171656 0.996804 0.112668 -0.261773 -0.440158 0.858916 0.875 0.875
0.139627 1.06798 0.127278 -0.290915 -0.0650136 0.954538 0.875 0.625
0.135122 1.1183 0.129332 -0.290915 -0.0650136 0.954538 0.875 0.5
0.162275 1.1183 0.137608 -0.290915 -0.0650136 0.954538 0.8125 0.5
0.162275 1.1183 0.137608 -0.290915 -0.0650136 0.954538 0.8125 0.5
0.164713 1.06798 0.134923 -0.290915 -0.0650136 0.954538 0.8125 0.625
0.139627 1.06798 0.127278 -0.290915 -0.0650136 0.954538 0.875 0.625
0.139627 1.16863 0.127278 -0.284792 0.213795 0.934444 0.875 0.375
0.152456 1.2113 0.121426 -0.284792 0.213795 0.934444 0.875 0.25
0.171656 1.2113 0.127278 -0.284792 0.213795 0.934444 0.8125 0.25
0.171656 1.2113 0.127278 -0.284792 0.213795 0.934444 0.8125 0.25
0.164713 1.16863 0.134923 -0.284792 0.213795 0.934444 0.8125 0.375
0.139627 1.16863 0.127278 -0.284792 0.213795 0.934444 0.875 0.375
0.171656 1.2398 0.112668 -0.151331 0.854731 0.496522 0.875 0.125
0.194304 1.24981 0.102338 -0.151331 0.854731 0.496522 0.84375 0
0.182047 1.2398 0.115835 -0.151331 0.854731 0.496522 0.8125 0.125
0.171656 1.2113 0.127278 -0.0829269 0.397089 0.914026 0.8125 0.25
0.182047 1.2398 0.115835 -0.0829269 0.397089 0.914026 0.8125 0.125
0.194304 1.2398 0.116947 -0.0829269 0.397089 0.914026 0.75 0.125
0.194304 1.2398 0.116947 -0.0829269 0.397089 0.914026 0.75 0.125
0.194304 1.2113 0.129332 -0.0829269 0.397089 0.914026 0.75 0.25
0.171656 1.2113 0.127278 -0.0829269 0.397089 0.914026 0.8125 0.25
0.182047 0.996804 0.115835 -0.082927 -0.397089 0.914026 0.8125 0.875
0.171656 1.02531 0.127278 -0.082927 -0.397089 0.914026 0.8125 0.75
0.194304 1.02531 0.129332 -0.082927 -0.397089 0.914026 0.75 0.75
0.194304 1.02531 0.129332 -0.082927 -0.397089 0.914026 0.75 0.75
0.194304 0.996804 0.116947 -0.082927 -0.397089 0.914026 0.75 0.875
0.182047 0.996804 0.115835 -0.082927 -0.397089 0.914026 0.8125 0.875
0.164713 1.06798 0.134923 -0.090208 -0.0574096 0.994267 0.8125 0.625
0.162275 1.1183 0.137608 -0.090208 -0.0574096 0.994267 0.8125 0.5
0.194304 1.1183 0.140514 -0.090208 -0.0574096 0.994267 0.75 0.5
0.194304 1.1183 0.140514 -0.090208 -0.0574096 0.994267 0.75 0.5
0.194304 1.06798 0.137608 -0.090208 -0.0574096 0.994267 0.75 0.625
0.164713 1.06798 0.134923 -0.090208 -0.0574096 0.994267 0.8125 0.625
0.164713 1.16863 0.134923 -0.088716 0.189663 0.977833 0.8125 0.375
0.171656 1.2113 0.127278 -0.088716 0.189663 0.977833 0.8125 0.25
0.194304 1.2113 0.129332 -0.088716 0.189663 0.977833 0.75 0.25
0.194304 1.2113 0.129332 -0.088716 0.189663 0.977833 0.75 0.25
0.194304 1.16863 0.137608 -0.088716 0.189663 0.977833 0.75 0.375
0.164713 1.16863 0.134923 -0.088716 0.189663 0.977833 0.8125 0.375
0.182047 1.2398 0.115835 -0.0512201 0.823831 0.564517 0.8125 0.125
0.194304 1.24981 0.102338 -0.0512201 0.823831 0.564517 0.78125 0
0.194304 1.2398 0.116947 -0.0512201 0.823831 0.564517 0.75 0.125
0.194304 0.986793 0.102338 -0.051217 -0.823831 0.564517 0.78125 1
0.182047 0.996804 0.115835 -0.051217 -0.823831 0.564517 0.8125 0.875
0.194304 0.996804 0.116947 -0.051217 -0.823831 0.564517 0.75 0.875
0.171656 1.02531 0.127278 -0.0887169 -0.189663 0.977833 0.8125 0.75
0.164713 1.06798 0.134923 -0.0887169 -0.189663 0.977833 0.8125 0.625
0.194304 1.06798 0.137608 -0.0887169 -0.189663 0.977833 0.75 0.625
0.194304 1.06798 0.137608 -0.0887169 -0.189663 0.977833 0.75 0.625
0.194304 1.02531 0.129332 -0.0887169 -0.189663 0.977833 0.75 0.75
0.171656 1.02531 0.127278 -0.0887169 -0.189663 0.977833 0.8125 0.75
0.162275 1.1183 0.137608 -0.0902081 0.0574099 0.994267 0.8125 0.5
0.164713 1.16863 0.134923 -0.0902081 0.0574099 0.994267 0.8125 0.375
0.194304 1.16863 0.137608 -0.0902081 0.0574099 0.994267 0.75 0.375
0.194304 1.16863 0.137608 -0.0902081 0.0574099 0.994267 0.75 0.375
0.194304 1.1183 0.140514 -0.0902081 0.0574099 0.994267 0.75 0.5
0.162275 1.1183 0.137608 -0.0902081 0.0574099 0.994267 0.8125 0.5
material
0.0508761 0.0508761 0.0508761 0
0.00431285 0.00246975 0.00385009 1
0.00431285 0.00246975 0.00385009 25
texture assets/picture/white.png
